    2 11 -> 9,
    2 13-> 4 7,
    2 14-> 4 7,
    2 13 14-> 15,
    2 11 16-> 15,
    2 17 22-> 4 9 15,
    2 17 20-> 4 9 15,
    2 21-> 4 7 15,
    2 16 21-> 9,
    1 3-> 2,
    3 7-> 12,
    3 11-> 9,
    3 13-> 4 7 9 12,
    3 14-> 4 5 7 12,
    3 13 14-> 15 19,
    3 7 15-> 5 19,
    3 7 16-> 5,
    3 11 16-> 15,
    3 20-> 2,
    3 21-> 2 4 5 7 9 12 15 19,
    3 22-> 2,
    1 4-> 22,
    4 14 16-> 10 18,
    4 15 16-> 11,
    4 21-> 20,
    4 16 21-> 11,
    4 22-> 1 2,
    4 14 22-> 20,
    4 15 22-> 20,
    4 16 22-> 10 18 20,
    4 15 16 22-> 9 17,
    1 5-> 3 4 10 12 14 20 22,
    4 5-> 12,
    4 5 14-> 3,
    5 10-> 3 12,
    5 11-> 12,
    5 10 11-> 19,
    4 5 13-> 3 19,
    5 20-> 12,
    4 5 22-> 3,
    4 5 15 22-> 19,
    1 7-> 2,
    1 7 22-> 4,
    1 9-> 2,
    9 13-> 4 7,
    9 14-> 4 7 15,
    9 16-> 15,
    9 20-> 2 15,
    9 21-> 2 4 7 15,
    9 22-> 2,
    1 10-> 22,
    7 10-> 4,
    1 11-> 10 22,
    1 5 11-> 19,
    7 11-> 4,
    1 7 11-> 9 13,
    7 10 11-> 9 13,
    7 11 16-> 15,
    3 7 11 16-> 19,
    1 12-> 3 10,
    10 12-> 3,
    12 13-> 3 9 10 11,
    12 14-> 3 5 10 16 18,
    12 13 14-> 17 19,
    12 15-> 5 11 16,
    12 16-> 5,
    12 20-> 5 16,
    12 21-> 5 11 16,
    12 22-> 3 10,
    12 15 22-> 9 17 18 19,
    1 13-> 22,
    1 5 13-> 19,
    1 7 13-> 4,
    10 13-> 11,
    2 10 13-> 9,
    5 10 13-> 19,
    7 10 13-> 9,
    11 13-> 10,
    5 11 13-> 3 19,
    7 11 13-> 9,
    1 14-> 20 22,
    1 7 14-> 4,
    1 13 14-> 21,
    10 14-> 16 18,
    10 13 14-> 17,
    11 14-> 10 13 16 17 18,
    1 11 14-> 21,
    2 11 14-> 15,
    3 11 14-> 15 19,
    5 11 14-> 3 19,
    7 11 14-> 9 15,
    11 12 14-> 19,
    7 13 14-> 15,
    1 15-> 2 20 22,
    1 5 15-> 19,
    1 7 15-> 4 13 14 21,
    1 12 15-> 9 17 18 19,
    10 15-> 9 11 16 18,
    5 10 15-> 19,
    7 10 15-> 13 14 17,
    10 12 15-> 19,
    11 15-> 16,
    1 11 15-> 9 18,
    1 7 11 15-> 17,
    13 15-> 7 14,
    1 13 15-> 4 21,
    3 13 15-> 5 19,
    10 13 15-> 4 17,
    11 13 15-> 4 9 17 18,
    12 13 15-> 17 18 19,
    13 15 22-> 21,
    14 15-> 7 13,
    1 14 15-> 4 21,
    3 14 15-> 19,
    4 5 14 15-> 19,
    10 14 15-> 4 17,
    11 14 15-> 4 9,
    12 14 15-> 9 17 19,
    4 14 15 16-> 9 17,
    14 15 22-> 21,
    1 16-> 18,
    1 4 16-> 10 14 20,
    1 11 16-> 20,
    1 7 11 16-> 14 17 21,
    1 11 12 16-> 19,
    1 14 16-> 10,
    1 15 16-> 9 10 11,
    1 7 15 16-> 17,
    1 14 15 16-> 17,
    1 16 22-> 10 20,
    10 16-> 18,
    1 10 16-> 20,
    7 10 16-> 14,
    7 10 11 16-> 17,
    10 11 12 16-> 19,
    13 16-> 14,
    1 13 16-> 10 11 17 20 21,
    2 13 16-> 9 15,
    3 13 16-> 5 15 19,
    4 13 16-> 9 10 11 17 18,
    7 13 16-> 15,
    1 7 13 16-> 9,
    10 13 16-> 17,
    11 13 16-> 17 18,
    12 13 16-> 19,
    13 16 22-> 21,
    2 17-> 7,
    3 17-> 4 5 7 9 12 15 19,
    4 17-> 9 11 13 15,
    1 4 17-> 21,
    5 17-> 9 11 13 15 19,
    1 5 17-> 21,
    9 17-> 4 7,
    10 17-> 11 13 14,
    1 10 17-> 21,
    2 10 17-> 4 9 15,
    7 10 17-> 9 15,
    11 17-> 13 14,
    1 11 17-> 21,
    2 11 17-> 4,
    12 17-> 19,
    14 17-> 11 13,
    1 14 17-> 21,
    2 14 17-> 9 15,
    7 14 17-> 9 15,
    15 17-> 4 7 13 14,
    1 15 17-> 21,
    17 20-> 11 13 14 21,
    17 22-> 11 13 14 21,
    7 17 22-> 9 15,
    4 18-> 10 14,
    5 18-> 3 4 10 12 14,
    11 18-> 10,
    5 11 18-> 19,
    7 11 18-> 9 13 14 17,
    12 18-> 3,
    11 12 18-> 19,
    13 18-> 10 11 17,
    5 13 18-> 19,
    7 13 18-> 4 9,
    14 18-> 10,
    7 14 18-> 4,
    15 18-> 9 10 11,
    5 15 18-> 19,
    7 15 18-> 4 13 14 17,
    12 15 18-> 19,
    13 15 18-> 4,
    14 15 18-> 4 17,
    18 20-> 1 10 22,
    15 18 20-> 2,
    18 21-> 1 10 11 13 14 17 20 22,
    5 18 21-> 19,
    12 18 21-> 19,
    18 22-> 1 10 20,
    7 18 22-> 2 4,
    15 18 22-> 2,
    4 19-> 13 14 15,
    1 4 19-> 20 21,
    4 16 19-> 3 5 9 10 11 12,
    5 19-> 3 4 9 10 11 12 13 14 15,
    1 5 19-> 21,
    10 19-> 3 5 9 11 12 13 14 15 16 17 18,
    1 10 19-> 20 21,
    11 19-> 3 5 9 10 12 13 14 15 16 17 18,
    1 11 19-> 20 21,
    12 19-> 3 5 9 10 11 16 17 18,
    13 19-> 4 14 15,
    1 13 19-> 20 21,
    14 19-> 4 13 15,
    1 14 19-> 21,
    15 19-> 4 13 14,
    16 19-> 17 18,
    13 16 19-> 3 5 9 10 11 12,
    14 16 19-> 3 5 9 10 11 12,
    15 16 19-> 3 5 9 10 11 12,
    19 20-> 1 2 13 14 15 21 22,
    16 19 20-> 3 5 9 10 11 12,
    19 21-> 1 2 4 13 14 20 22,
    16 19 21-> 3 5 9 10 11 12,
    19 22-> 1 2 4 13 14 15 20 21,
    16 19 22-> 3 5 9 10 11 12,
    1 20-> 22,
    1 12 20-> 18,
    1 16 20-> 10,
    7 20-> 4,
    1 7 20-> 14,
    3 7 20-> 5,
    7 15 20-> 21,
    7 17 20-> 9 15,
    7 18 20-> 2 14,
    10 20-> 1 16 18 22,
    7 10 20-> 2 14,
    10 15 20-> 2,
    11 20-> 16,
    1 11 20-> 18,
    2 11 20-> 15,
    3 11 20-> 15,
    7 11 20-> 15 21,
    1 7 11 20-> 17,
    3 7 11 20-> 19,
    1 11 12 20-> 19,
    10 11 12 20-> 19,
    13 20-> 1 14 21 22,
    2 13 20-> 15,
    3 13 20-> 5 15 19,
    5 13 20-> 3 19,
    7 13 20-> 2 15,
    10 13 20-> 17,
    11 13 20-> 17 18,
    12 13 20-> 17 18 19,
    13 15 20-> 2 4,
    13 16 20-> 10 11 17 18,
    7 13 16 20-> 9,
    14 20-> 1 22,
    5 14 20-> 3,
    7 14 20-> 2,
    11 14 20-> 21,
    14 15 20-> 2 4 21,
    5 14 15 20-> 19,
    14 16 20-> 10 18,
    15 16 20-> 11,
    13 15 16 20-> 9,
    14 15 16 20-> 9 17,
    1 21-> 13 14 20 22,
    1 5 21-> 19,
    1 12 21-> 9 17 18 19,
    1 16 21-> 10 11 17,
    7 21-> 15,
    1 7 21-> 4,
    1 7 16 21-> 9,
    7 18 21-> 2 4 9,
    10 21-> 1 11 13 14 16 17 18 20 22,
    2 10 21-> 9,
    5 10 21-> 19,
    7 10 21-> 2 9,
    10 12 21-> 19,
    11 21-> 16 20,
    1 11 21-> 17 18,
    13 21-> 14 22,
    4 13 21-> 1 2,
    11 13 21-> 1 17 18,
    7 11 13 21-> 2,
    12 13 21-> 17 18 19,
    14 21-> 13 22,
    4 14 21-> 1 2,
    4 14 16 21-> 9 17,
    4 5 14 21-> 19,
    11 14 21-> 1,
    7 11 14 21-> 2,
    12 14 21-> 9 17 19,
    5 14 20 21-> 19,
    15 21-> 7,
    1 15 21-> 4,
    10 15 21-> 2 4,
    11 15 21-> 4,
    11 13 15 21-> 2,
    11 14 15 21-> 2,
    15 18 21-> 2 4,
    15 20 21-> 4,
    16 20 21-> 11,
    14 16 20 21-> 17,
    7 14 16 20 21-> 9,
    10 22-> 1,
    7 10 22-> 2,
    10 14 22-> 20,
    10 15 22-> 2 20,
    10 16 22-> 20,
    11 22-> 1 10,
    5 11 22-> 3 19,
    7 11 22-> 2 9 13,
    11 14 22-> 20 21,
    11 15 22-> 2 9 18 20,
    11 16 22-> 18 20,
    11 12 16 22-> 19,
    13 14 22-> 21,
    7 15 22-> 13 14 21,
    7 11 15 22-> 17,
    7 16 22-> 14,
    7 11 16 22-> 17 21,
    20 22-> 1,
    5 20 22-> 3,
    7 20 22-> 2 14,
    11 20 22-> 18,
    7 11 20 22-> 17,
    12 20 22-> 18,
    11 12 20 22-> 19,
    15 20 22-> 2,
    5 15 20 22-> 19,
    16 20 22-> 10 18,
    15 16 20 22-> 9,
    7 15 16 20 22-> 17,
    21 22-> 13 14,
    4 16 21 22-> 9 17,
    4 5 21 22-> 19,
    11 21 22-> 17 18,
    12 21 22-> 9 17 18 19,
    5 20 21 22-> 19,
    16 20 21 22-> 17,
    7 16 20 21 22-> 9 
